0	3.04159265358979	3.04159265358979
0.0537583551704007	3.0408745982158	3.0408745982158
0.106368061118321	3.03878220154083	3.03878220154083
0.158848303753132	3.03531481451695	3.03531481451695
0.21139035769037	3.03043315366637	3.03043315366637
0.263889848321311	3.02409803914954	3.02409803914954
0.316138268192208	3.01628018012374	3.01628018012374
0.367901978431896	3.00696200608992	3.00696200608992
0.418959776253515	2.99613664719127	2.99613664719127
0.469122302215651	2.98380551982816	2.98380551982816
0.518241226199193	2.969975222837	2.969975222837
0.566211567867479	2.95465429439487	2.95465429439487
0.612969354763798	2.93785024998422	2.93785024998422
0.658486496011496	2.91956714195649	2.91956714195649
0.70276443916014	2.89980370063321	2.89980370063321
0.74582776007805	2.87855198301667	2.87855198301667
0.787718397249555	2.85579638261462	2.85579638261462
0.82849087457438	2.83151283138701	2.83151283138701
0.868208601544979	2.80566803136503	2.80566803136503
0.906941192748992	2.7782185695429	2.7782185695429
0.944762684812674	2.74910978137833	2.74910978137833
0.98175051978574	2.71827422696511	2.71827422696511
1.0179851871997	2.68562962346274	2.68562962346274
1.05355045893222	2.651076030778	2.651076030778
1.08860532333846	2.61441489834398	2.61441489834398
1.12383356315395	2.57479297929207	2.57479297929207
1.15956207830599	2.53157328213943	2.53157328213943
1.19600689029908	2.48413030388039	2.48413030388039
1.23337424095571	2.4317355802214	2.4317355802214
1.27191607269763	2.37345625560925	2.37345625560925
1.31198202825497	2.30801586644721	2.30801586644721
1.35410035761726	2.23354585602067	2.23354585602067
1.39914712950955	2.14705527533222	2.14705527533222
1.44879535287057	2.04303836580043	2.04303836580043
1.50313464051799	1.91815143205926	1.91815143205926
1.5606431348275	1.77280386878953	1.77280386878953
1.61744153673612	1.61552602465334	1.61552602465334
1.66644836154205	1.46876774539266	1.46876774539266
1.71023506328866	1.32911893317875	1.32911893317875
1.75290705018255	1.18559453040688	1.18559453040688
1.78974339185581	1.05616486962944	1.05616486962944
1.822323945656	0.937770419497828	0.937770419497828
1.85214639839062	0.826499925221189	0.826499925221189
1.8813594532574	0.715146665166779	0.715146665166779
1.90939244198506	0.606430906744476	0.606430906744476
1.93626505867941	0.500830993647722	0.500830993647722
1.96217168124444	0.398058780800641	0.398058780800641
1.98732896360073	0.297651799803961	0.297651799803961
2.01193232820424	0.199168532793022	0.199168532793022
2.03615011131087	0.102234624437673	0.102234624437673
2.06012845684553	0.00654104314860134	0.00654104314860134
2.08399808181635	-0.0881695450074791	-0.0881695450074791
2.10788050899017	-0.182116805543554	-0.182116805543554
2.13189347234705	-0.275494487406186	-0.275494487406186
2.15615581054844	-0.368479945299128	-0.368479945299128
2.18079232120949	-0.461242186993227	-0.461242186993227
2.2059391254043	-0.553949329113078	-0.553949329113078
2.23175023325439	-0.646776412418175	-0.646776412418175
2.25840630856202	-0.739914752694305	-0.739914752694305
2.28612726052065	-0.833584581860563	-0.833584581860563
2.3151915897298	-0.928054045046477	-0.928054045046477
2.3459682433948	-1.02367061675588	-1.02367061675588
2.37861828647424	-1.11990180570118	-1.11990180570118
2.41233454850707	-1.21344284735505	-1.21344284735505
2.44706933148203	-1.30344694488345	-1.30344694488345
2.48313908799841	-1.38995914056949	-1.38995914056949
2.52113171881436	-1.47335910446956	-1.47335910446956
2.56204078517739	-1.55429221566155	-1.55429221566155
2.60784313977641	-1.63406165674064	-1.63406165674064
2.66449731024746	-1.7171022059405	-1.7171022059405
2.71473571076441	-1.77656408296612	-1.77656408296612
2.75849970925256	-1.81774269773811	-1.81774269773811
2.7978302349945	-1.84648187296827	-1.84648187296827
2.8362700376569	-1.86714042782972	-1.86714042782972
2.87340606990685	-1.88022998827241	-1.88022998827241
2.90957147402121	-1.8865759442008	-1.8865759442008
2.94520629268292	-1.88671880386923	-1.88671880386923
2.98071444814699	-1.88088266036153	-1.88088266036153
3.01646664292244	-1.86901897886128	-1.86901897886128
3.05284198589309	-1.85081442573985	-1.85081442573985
3.09029026577416	-1.8256323555329	-1.8256323555329
3.1294364244114	-1.79233897898329	-1.79233897898329
3.17130924877022	-1.74885190170929	-1.74885190170929
3.2195412265875	-1.68868610331602	-1.68868610331602
3.28374887120376	-1.59190891890198	-1.59190891890198
3.34421005427892	-1.48350782866574	-1.48350782866574
3.39648614223669	-1.37652525240899	-1.37652525240899
3.44304092406325	-1.27120670292527	-1.27120670292527
3.4883821883414	-1.15991813810423	-1.15991813810423
3.52943022490185	-1.05216300052481	-1.05216300052481
3.56683531264176	-0.94858463166448	-0.94858463166448
3.60138934603108	-0.848725526552628	-0.848725526552628
3.63528525993569	-0.747271282453894	-0.747271282453894
3.66782438298072	-0.647024710969246	-0.647024710969246
3.69898465554193	-0.548805932915987	-0.548805932915987
3.72896288768617	-0.452649094492213	-0.452649094492213
3.75799635921172	-0.358338881818692	-0.358338881818692
3.78630621716535	-0.265616345217221	-0.265616345217221
3.81408600553213	-0.174245630769318	-0.174245630769318
3.84150455101209	-0.0840287843610358	-0.0840287843610358
3.86871224122259	0.00519629265582042	0.00519629265582042
3.89584730489659	0.0935618818524099	0.0935618818524099
3.92304136044284	0.181176293394563	0.181176293394563
3.95042434520813	0.268128449914015	0.268128449914015
3.97812917389317	0.35449113457445	0.35449113457445
4.00629654290805	0.440323063042287	0.440323063042287
4.0350803605703	0.52566991887828	0.52566991887828
4.06465441431242	0.610564389311025	0.610564389311025
4.09522115055272	0.695025094671517	0.695025094671517
4.12702395001232	0.779054104020832	0.779054104020832
4.16036526039236	0.862632412374109	0.862632412374109
4.19456103590079	0.943266264877117	0.943266264877117
4.2290031287264	1.01902667284262	1.01902667284262
4.26359724153058	1.08940823320994	1.08940823320994
4.29842871196243	1.15432805151838	1.15432805151838
4.33363244753326	1.21376003693718	1.21376003693718
4.36934454450183	1.26761447453765	1.26761447453765
4.40568005430808	1.31570151637108	1.31570151637108
4.44271169650362	1.35772173044882	1.35772173044882
4.48043258675952	1.39326965466409	1.39326965466409
4.52032028821409	1.42291712167009	1.42291712167009
4.56372365482434	1.44595192035618	1.44595192035618
4.61163725363521	1.46030191388686	1.46030191388686
4.66459592988686	1.46277626382239	1.46277626382239
4.72175501544262	1.44987719158146	1.44987719158146
4.77701682937565	1.42227201095232	1.42227201095232
4.82715389304741	1.38457487051542	1.38457487051542
4.87341862663808	1.33931489270845	1.33931489270845
4.91872724280973	1.2854593012783	1.2854593012783
4.96308239801942	1.22384079116205	1.22384079116205
5.00649161182142	1.15529026033678	1.15529026033678
5.04907133213761	1.08044308182735	1.08044308182735
5.09102827337138	0.999689679736845	0.999689679736845
5.1326324211429	0.913179447668695	0.913179447668695
5.17379904212198	0.821758688373065	0.821758688373065
5.21327373017257	0.729175570381548	0.729175570381548
5.25085757880107	0.637069064287613	0.637069064287613
5.28674214327438	0.546025502257793	0.546025502257793
5.32122029520578	0.456177990777378	0.456177990777378
5.35458161415342	0.367490978334051	0.367490978334051
5.38708346993661	0.27988075149251	0.27988075149251
5.41894920015164	0.193261587928761	0.193261587928761
5.4503743133746	0.107561265329446	0.107561265329446
5.48153403548957	0.022725083294469	0.022725083294469
5.51259025412312	-0.0612837761454087	-0.0612837761454087
5.54369758245856	-0.144484531242698	-0.144484531242698
5.57500878885874	-0.226878605415949	-0.226878605415949
5.60667998188328	-0.308448504245938	-0.308448504245938
5.63887598860662	-0.389155479722672	-0.389155479722672
5.67177642913299	-0.468935637430253	-0.468935637430253
5.70558312997849	-0.547693942949607	-0.547693942949607
5.74052979521979	-0.625295228509459	-0.625295228509459
5.77689537686349	-0.701550691207005	-0.701550691207005
5.81331325664889	-0.772970280161641	-0.772970280161641
5.84926232109876	-0.838319553673273	-0.838319553673273
5.88465283759425	-0.897414703972742	-0.897414703972742
5.91951478969714	-0.950356749719576	-0.950356749719576
5.95387920130566	-0.997278815775324	-0.997278815775324
5.98773473493165	-1.03828668056993	-1.03828668056993
6.02100991932691	-1.0734660459027	-1.0734660459027
6.05372522060523	-1.10304734781134	-1.10304734781134
6.08691884674576	-1.12795407605524	-1.12795407605524
6.12097955717451	-1.14814561782453	-1.14814561782453
6.1560444020135	-1.16325185965599	-1.16325185965599
6.19212160689743	-1.17279286960263	-1.17279286960263
6.22912470661935	-1.17628737232306	-1.17628737232306
6.26688182163422	-1.17333702847953	-1.17333702847953
6.30514745234102	-1.16370297501778	-1.16370297501778
6.34362857826124	-1.14736154964804	-1.14736154964804
6.3820246097408	-1.12451856647723	-1.12451856647723
6.42007062697075	-1.0955734246689	-1.0955734246689
6.45757034357319	-1.06104582278667	-1.06104582278667
6.49441089398541	-1.02149178702727	-1.02149178702727
6.53182780996636	-0.975796667715095	-0.975796667715095
6.57016024468218	-0.923446235794167	-0.923446235794167
6.60947564198683	-0.86421971463604	-0.86421971463604
6.64980083276186	-0.798004883197719	-0.798004883197719
6.69121505691704	-0.724673985475719	-0.724673985475719
6.73378074944528	-0.644209289903956	-0.644209289903956
6.77563493922306	-0.560646165789153	-0.560646165789153
6.81622837766328	-0.476004476388676	-0.476004476388676
6.85555823338585	-0.391228043828516	-0.391228043828516
6.89381212115334	-0.306749363491324	-0.306749363491324
6.93122607486997	-0.222774909783945	-0.222774909783945
6.96803527217153	-0.139417735360255	-0.139417735360255
7.00446123614954	-0.0567570065180378	-0.0567570065180378
7.04071227408332	0.025134897264431	0.025134897264431
7.07698828286438	0.106178832741331	0.106178832741331
7.11348686580346	0.186280448635842	0.186280448635842
7.15040997581371	0.265323016223155	0.265323016223155
7.18797120315755	0.343159567679369	0.343159567679369
7.22640426942233	0.419602964468557	0.419602964468557
7.2659736738505	0.494412442626627	0.494412442626627
7.30677455921353	0.566906889124946	0.566906889124946
7.34696602815733	0.633257382820667	0.633257382820667
7.38601961177298	0.692545455279808	0.692545455279808
7.42387516651294	0.744846370236499	0.744846370236499
7.4605814349531	0.790477821312957	0.790477821312957
7.49616909142736	0.829774523502771	0.829774523502771
7.53061287296366	0.863050559627071	0.863050559627071
7.56473642360014	0.891312436121968	0.891312436121968
7.5991469278637	0.915003599439964	0.915003599439964
7.6340825750852	0.93407047186433	0.93407047186433
7.66963280375806	0.948289103536166	0.948289103536166
7.70581442189968	0.957384808723466	0.957384808723466
7.74259848541486	0.961087983246364	0.961087983246364
7.77992141153413	0.959170017493763	0.959170017493763
7.81769306651917	0.951470764248789	0.951470764248789
7.85580657154047	0.937917596903947	0.937917596903947
7.89415079283008	0.918532857042728	0.918532857042728
7.93262436795334	0.893427425048984	0.893427425048984
7.97114918173737	0.862781141114812	0.862781141114812
8.00968140833795	0.826813820065615	0.826813820065615
8.04822395069567	0.785746732147796	0.785746732147796
8.08800613068294	0.738294561589795	0.738294561589795
8.12946600480846	0.683710812284135	0.683710812284135
8.17283040774647	0.621455109403482	0.621455109403482
8.21834063527321	0.551001032198074	0.551001032198074
8.26604972343125	0.472230000465305	0.472230000465305
8.31361620809679	0.389508075250735	0.389508075250735
8.3603091039018	0.305104296553873	0.305104296553873
8.40608200060171	0.220153877202059	0.220153877202059
8.45113903185354	0.135253915352777	0.135253915352777
8.49576215715673	0.050767297273126	0.050767297273126
8.54025194739294	-0.0330333742458064	-0.0330333742458064
8.58491347565979	-0.115897034486527	-0.115897034486527
8.63005958729796	-0.19755712118041	-0.19755712118041
8.67602151770923	-0.277705558892984	-0.277705558892984
8.72316423426891	-0.355967468759783	-0.355967468759783
8.77190737587654	-0.431870042641849	-0.431870042641849
8.82023670558915	-0.501349107396861	-0.501349107396861
8.86678966588376	-0.562223224449367	-0.562223224449367
8.91133948823817	-0.614452465619359	-0.614452465619359
8.95396129505578	-0.658563655088711	-0.658563655088711
8.995088025093	-0.695449059856379	-0.695449059856379
9.03599783731618	-0.726420905798744	-0.726420905798744
9.07723056271679	-0.751725904149083	-0.751725904149083
9.11904399819191	-0.771227293648017	-0.771227293648017
9.16157470400058	-0.784640014025598	-0.784640014025598
9.2048972821979	-0.791624962772754	-0.791624962772754
9.24904815443863	-0.791837647830426	-0.791837647830426
9.29403850757566	-0.784960794102428	-0.784960794102428
9.33986620650164	-0.770727478829889	-0.770727478829889
9.38653053883895	-0.748933055160034	-0.748933055160034
9.43405094326401	-0.719431902150139	-0.719431902150139
9.48248973283642	-0.682115804012321	-0.682115804012321
9.53197910336682	-0.636872373633102	-0.636872373633102
9.58275476668699	-0.583522008215892	-0.583522008215892
9.63665859597452	-0.519923141141338	-0.519923141141338
9.69501833148472	-0.44398514978028	-0.44398514978028
9.75922841923797	-0.353382716100422	-0.353382716100422
9.8274595877526	-0.250996464268294	-0.250996464268294
9.89780596368051	-0.141295163667885	-0.141295163667885
9.9708769480089	-0.0257672999948891	-0.0257672999948891
10	0.0200524225955949	0.0200524225955949
