 0	3.04159265358979	0
 0.1	3.03909681817362	-0.0492927494693715
 0.199794303973363	3.0316916457427	-0.0997151186685158
 0.299394902021117	3.01916347229763	-0.153661397912643
 0.380950151631406	3.0047286452962	-0.202386764727743
 0.443999364071755	2.9907129720055	-0.243885736560566
 0.493679069663087	2.97774461429947	-0.279466932301313
 0.534382788740075	2.96575152501481	-0.310807280997936
 0.569054525772055	2.95449626019579	-0.339239429741971
 0.599568288350802	2.9437512991488	-0.365707509920525
 0.627117873374463	2.93333795478859	-0.390859005576328
 0.652477270160895	2.9231250202901	-0.415135881573589
 0.676159989141429	2.91301867904361	-0.438841486640779
 0.698515272284334	2.90295256838502	-0.462185964618572
 0.719786787608826	2.89287992048035	-0.485316462290334
 0.740149056415344	2.88276777432746	-0.508337220703699
 0.759730471430891	2.87259283292464	-0.531323025873154
 0.778628088017417	2.86233853531147	-0.554328286994805
 0.796917274994033	2.85199300007652	-0.577393211446357
 0.814658101212399	2.84154758589348	-0.600548034694274
 0.831899620164412	2.83099588597545	-0.623815936618979
 0.848682784532134	2.82033302636999	-0.647215064906915
 0.865042457881119	2.8095551763225	-0.670759948195147
 0.881008825106066	2.79865920625259	-0.694462490255312
 0.896608398218476	2.78764244823633	-0.718332675336894
 0.911864746726263	2.77650252752415	-0.742379073543897
 0.926799038288254	2.76523724319632	-0.766609207155244
 0.941430446925439	2.75384448275003	-0.79102981976856
 0.955776467429483	2.74232216007355	-0.815647077160383
 0.969853162292772	2.7306681694991	-0.840466719874892
 0.98367535929178	2.71888035086521	-0.865494181468598
 0.997256812366455	2.70695646206454	-0.890734682161722
 1.01061033473105	2.69489415661711	-0.916193304773987
 1.0237479106255	2.68269096453841	-0.941875057841692
 1.03668079037796	2.67034427527206	-0.967784929443686
 1.0494195722392	2.65785132179677	-0.993927934314965
 1.06197427359834	2.64520916524846	-1.02030915616748
 1.07441677790457	2.63234938202706	-1.04706947881761
 1.08681152441887	2.6192040862288	-1.07434686930874
 1.09919997631583	2.60572376231515	-1.10223952210371
 1.11160963850669	2.59186998412114	-1.13082135374351
 1.12405951555143	2.57761085794893	-1.16015163574077
 1.13656347428875	2.56291810028012	-1.19028111183342
 1.14913234526002	2.54776511589759	-1.22125596112849
 1.16177525455132	2.53212569317788	-1.25312042651065
 1.17450048304352	2.5159730781441	-1.28591861502187
 1.18731603572605	2.49927927519325	-1.31969579045058
 1.20023003506423	2.48201447483148	-1.3544993647696
 1.21325101064409	2.46414654068471	-1.39037972522528
 1.22638813182505	2.44564050712743	-1.42739099120385
 1.23965141470569	2.42645804953149	-1.4655917697382
 1.253051925664	2.40655689394697	-1.50504596489837
 1.26660199888333	2.38589013337426	-1.54582369100797
 1.28031548335966	2.36440541422871	-1.58800234094352
 1.29420803526675	2.34204394901591	-1.63166786821015
 1.30829747404799	2.31873929882498	-1.67691635562422
 1.32260422543543	2.29441585036188	-1.72385596603881
 1.33715188245073	2.26898688401635	-1.77260940498225
 1.35196792764151	2.24235208707807	-1.82331707714307
 1.36708467867932	2.21439430160905	-1.87614119818001
 1.38254054906085	2.18497519578353	-1.93127124731317
 1.3983817632506	2.15392938625807	-1.98893134451557
 1.41466474447749	2.12105627254378	-2.04939046369755
 1.43145952900524	2.08610838686428	-2.11297695473697
 1.44885480423892	2.04877424279808	-2.18009985267254
 1.46696562876209	2.00865211716169	-2.25128134932783
 1.48547120867549	1.96631184565406	-2.32529434771648
 1.5040442944016	1.92242840101694	-2.40077210712214
 1.52247738271567	1.87747925240032	-2.4767419955595
 1.54064677062208	1.83179376359995	-2.55252379962419
 1.55848455563356	1.78559538874208	-2.62764414794858
 1.57595869467321	1.73903404082026	-2.70177167791036
 1.5930595168853	1.69220951308053	-2.77467068219253
 1.60979089849032	1.64518783555628	-2.84616912362805
 1.62616462275594	1.59801243558015	-2.91613707063523
 1.64219684445898	1.55071162980204	-2.98447238668531
 1.65790591516524	1.50330359084335	-3.0510913384737
 1.67331107547284	1.45579960328217	-3.1159224797303
 1.68843169357139	1.40820617229833	-3.17890268779252
 1.70328684513299	1.36052636655631	-3.23997460005717
 1.71789510507143	1.31276064970925	-3.29908495199928
 1.73227447035186	1.26490736757761	-3.35618348980787
 1.74644236413575	1.21696299866079	-3.41122224422664
 1.76041569140401	1.16892223523821	-3.46415502643503
 1.77421092897015	1.1207779344519	-3.51493705471549
 1.78784424119732	1.07252095882379	-3.56352465101182
 1.80133161856717	1.02413991028714	-3.60987496510552
 1.8146890407496	0.97562074838912	-3.65394569474381
 1.82801464020202	0.926643240820948	-3.69594694348217
 1.8414645238466	0.87665513703399	-3.7362028647117
 1.85499474124978	0.825837232467823	-3.77438486087402
 1.86839038492051	0.775031799908153	-3.80975672362199
 1.88153555416047	0.724731912361253	-3.84198264416852
 1.89437893895824	0.675193687054074	-3.87097070715554
 1.90690828216047	0.626523619579407	-3.89676315993275
 1.9191332634225	0.578739490844689	-3.91946716741347
 1.93107477848068	0.531809984842746	-3.93921441248839
 1.94275857407244	0.485679167221866	-3.95613919387093
 1.95421166164272	0.440280943907273	-3.97036758266449
 1.96546042505211	0.395547196284167	-3.98201282713777
 1.97652972322649	0.35141206770394	-3.99117409101574
 1.98744255582812	0.307813982543176	-3.99793684116963
 1.99822003327138	0.264696375744909	-4.00237395154826
 2.00888150035153	0.222007722036204	-4.00454702951542
 2.01944472819796	0.179701211086792	-4.00450771910628
 2.02992612809517	0.137734266446283	-4.00229887141515
 2.04034096330042	0.0960680171299032	-3.99795554346579
 2.05070354783881	0.0546667784005133	-3.99150582200036
 2.06102742837042	0.0134975681892561	-3.98297148412767
 2.07132554901364	-0.0274703312430001	-3.97236851200736
 2.08161040091346	-0.0682657658518872	-3.95970747885872
 2.09189415921199	-0.108916060583551	-3.94499382133331
 2.10218881040796	-0.149447334468933	-3.92822801009819
 2.11250627316947	-0.189884786874863	-3.90940562701841
 2.12285851565439	-0.230252961849482	-3.88851735387282
 2.13325767239414	-0.270575997355249	-3.86554887413628
 2.14371616386663	-0.310877866024967	-3.84048068594108
 2.15424682206601	-0.351182614045285	-3.81328782074327
 2.16486302570843	-0.391514604962907	-3.78393945825822
 2.17557884923567	-0.431898775702093	-3.75239842362404
 2.18640923054958	-0.472360912966015	-3.71862054714502
 2.19737016350865	-0.512927959585175	-3.68255385987863
 2.2084789227591	-0.55362836243907	-3.64413758909017
 2.21975433062791	-0.594492476558072	-3.60330090524703
 2.23121707882979	-0.635553044281347	-3.55996135535215
 2.24289012202386	-0.676845774470067	-3.51402289390314
 2.25473083050959	-0.718173175940959	-3.46565758920415
 2.26656263180913	-0.758887212965668	-3.41564676841209
 2.27828342113731	-0.798626307713506	-3.364542721366
 2.28984058838942	-0.837215496273539	-3.31272177086101
 2.3012124316413	-0.87459356020561	-3.26043373880514
 2.31239551309553	-0.910764393501221	-3.20784151893595
 2.32339654036555	-0.945766406500673	-3.15505017008278
 2.33422737191867	-0.979654135970985	-3.10212720026464
 2.34490205805986	-1.01248765388783	-3.04911620865235
 2.35546788831866	-1.04442483654411	-2.99587976819907
 2.36600767117789	-1.07571903383334	-2.94207855080576
 2.37657286859208	-1.10651607143713	-2.8875115824844
 2.38719606318488	-1.13689767063054	-2.8320636639412
 2.39789830419458	-1.16690674080879	-2.77567353856368
 2.40869353705392	-1.19656244838247	-2.71831418010618
 2.41959131345364	-1.22586932010134	-2.65998040607376
 2.43059846340943	-1.25482278579146	-2.6006810212409
 2.44172013099262	-1.28341256519284	-2.54043380324258
 2.45296041607542	-1.31162473810516	-2.47926228658578
 2.46432277058446	-1.33944300658526	-2.41719369005381
 2.47581024113261	-1.36684946041707	-2.35425757266009
 2.487425615198	-1.39382503727878	-2.29048495411145
 2.49917150653896	-1.42034979572411	-2.22590773133651
 2.51105040215585	-1.44640307400252	-2.16055828356378
 2.52306468474952	-1.47196357993491	-2.09446919737653
 2.5352166393907	-1.49700943989834	-2.02767306809293
 2.54750844983525	-1.52151822438501	-1.96020234977468
 2.55994218786761	-1.54546696108089	-1.89208923638516
 2.57251979777338	-1.56883214240505	-1.82336556316402
 2.58524307724622	-1.59158973200399	-1.75406272148647
 2.59811365554454	-1.6137151732084	-1.68421158317959
 2.6111329694188	-1.63518340156523	-1.61384243201886
 2.62430223715905	-1.65596886302501	-1.54298490127292
 2.63762243102133	-1.67604553905066	-1.47166791692389
 2.65109424825306	-1.69538697972899	-1.39991964670409
 2.66471808093473	-1.71396634585393	-1.32776745544596
 2.67849398487595	-1.73175646087293	-1.25523786749386
 2.69242164784311	-1.7487298735218	-1.18235653710711
 2.70650035744689	-1.76485893190009	-1.1091482279111
 2.72072896907858	-1.78011586964746	-1.03563680253689
 2.73510587435069	-1.79447290476089	-0.961845223632254
 2.74962897056727	-1.80790235143666	-0.887795567427247
 2.7642956318197	-1.82037674512276	-0.813509050992688
 2.77910268237056	-1.83186898072415	-0.739006074234217
 2.79404637304838	-1.8423524636126	-0.664306277514058
 2.80912236142478	-1.85180127275489	-0.58942861558179
 2.82432569657808	-1.86019033489223	-0.514391448221608
 2.83965080925967	-1.86749560828611	-0.439212647685733
 2.85509150826531	-1.87369427410167	-0.363909722584178
 2.87064098377021	-1.87876493304437	-0.288499957446141
 2.88629181830886	-1.88268780441633	-0.213000566668679
 2.9020360059674	-1.88544492433836	-0.137428861039491
 2.91786498020608	-1.88702033951522	-0.061802424483036
 2.93376965054363	-1.88740029263241	0.0138607018425701
 2.94974044811848	-1.88657339528747	0.0895418314483186
 2.96576737989912	-1.88453078430097	0.16522144417153
 2.98184009105742	-1.88126625734181	0.240879001643533
 2.99794793475403	-1.8767763840499	0.316492770795036
 3.01408004832867	-1.87106058925209	0.392039659645901
 3.03022543465146	-1.86412120543734	0.467495069479449
 3.04637304719007	-1.8559634923704	0.542832767184113
 3.06251187719218	-1.84659562255161	0.618024781063219
 3.07863104128443	-1.8360286321394	0.69304132278415
 3.09471986775445	-1.8242763378998	0.767850737388923
 3.11076797981487	-1.8113552216861	0.842419482455661
 3.12676537424644	-1.79728428483712	0.916712136627215
 3.14270249397657	-1.7820848756689	0.990691436854466
 3.1585702933604	-1.76578049388576	1.06431834288213
 3.1743602951828	-1.74839657622482	1.13755212677416
 3.19006463867696	-1.72996026795469	1.21035048466672
 3.20567611814432	-1.71050018497017	1.28266966747254
 3.2211882120466	-1.69004617116541	1.35446462695332
 3.23659510271136	-1.66862905554365	1.42568917342838
 3.25189168703593	-1.64628041315735	1.49629614139034
 3.26707357878322	-1.62303233349656	1.56623755943393
 3.28213710323142	-1.5989171993883	1.63546482115197
 3.29707928506519	-1.57396747886817	1.70392885398395
 3.31189783047979	-1.54821553186746	1.77158028339237
 3.32659110451332	-1.52169343295121	1.83836959016177
 3.34115810463137	-1.49443281076705	1.90424725904118
 3.35559843156789	-1.46646470433694	1.96916391736223
 3.36991225838234	-1.43781943585486	2.03307046264535
 3.3841002986332	-1.40852649924771	2.0959181785436
 3.39816377449782	-1.37861446341471	2.15765883875926
 3.4121043855945	-1.34811088877786	2.21824479879884
 3.42592427919032	-1.31704225554553	2.27762907560523
 3.43962602241225	-1.28543390190193	2.33576541522279
 3.45321257702455	-1.25330997017522	2.39260834871382
 3.46668727729579	-1.22069335889088	2.44811323655566
 3.48005381145889	-1.18760567846794	2.50223630170863
 3.49331620727116	-1.15406720814476	2.55493465145732
 3.5064788222141	-1.12009685150509	2.60616628799053
 3.51954633894066	-1.08571208768606	2.65589010749434
 3.53252376669027	-1.05092891495271	2.70406588728166
 3.5454164495612	-1.0157617827721	2.75065426015706
 3.55823008277322	-0.980223507750157	2.79561667479697
 3.571034520097	-0.944144044551662	2.83912848510809
 3.58393168896898	-0.90724952614606	2.88143700452772
 3.59699632050777	-0.869329921775906	2.92265314965972
 3.610159194839	-0.830591819219296	2.9624177834496
 3.62325637005067	-0.791539408909225	3.00013905648978
 3.63619280702958	-0.752493409258713	3.03550408991527
 3.64891928538489	-0.713646848244825	3.06837742611327
 3.66141557323331	-0.675107865011772	3.09872969330224
 3.67367897348991	-0.636930176153629	3.1265909153843
 3.68571687762772	-0.599133751543764	3.15202145675986
 3.69754208938773	-0.561718383126773	3.17509469065941
 3.70916997664884	-0.524672359098514	3.19588709611628
 3.72061679246545	-0.487977881153448	3.214472897205
 3.73189872601898	-0.451614367096585	3.23092139521293
 3.74303139967959	-0.415560406779415	3.24529584718731
 3.75402963279911	-0.379794875002494	3.25765319797572
 3.76490736081056	-0.344297525744393	3.2680442565746
 3.77567764150339	-0.309049273586321	3.27651408093267
 3.7863527075031	-0.274032291291613	3.28310243924722
 3.79694404080848	-0.239230003253078	3.28784427693327
 3.80746245554161	-0.204627023341755	3.29077015371169
 3.81791818129635	-0.170209066153218	3.29190663509602
 3.82832094318529	-0.135962848534205	3.29127663332038
 3.83868003685823	-0.101875990850794	3.28889969827049
 3.84900439800546	-0.0679369229780223	3.28479226152917
 3.85930266653998	-0.0341347973357349	3.27896783755942
 3.86958324600666	-0.000459409763400975	3.27143718609342
 3.87985435893197	0.0330988718231295	3.26220843940763
 3.8901240988905	0.0665491714916719	3.25128719758333
 3.90040048007542	0.0999001627722491	3.23867659420274
 3.91069148514822	0.133160120323418	3.22437733427223
 3.92100511212763	0.166336966550432	3.20838770552033
 3.93134942106811	0.199438313898441	3.19070356359016
 3.94173258128213	0.232471503489207	3.17131829102392
 3.95216291988134	0.265443640713814	3.15022272930565
 3.96264897245426	0.298361628343443	3.12740508256401
 3.97319953676543	0.331232197679539	3.10285079081495
 3.98382373045841	0.364061938235867	3.07654236981151
 3.99453105387789	0.396857326429769	3.04845921362703
 4.0053314593035	0.42962475376009	3.01857735497997
 4.0162354281197	0.462370554966922	2.98686917695072
 4.02725405774811	0.495101036706785	2.95330306806333
 4.03839916056093	0.527822507340748	2.91784301059916
 4.04968337750493	0.560541308529272	2.88044808932942
 4.0611203098337	0.593263849466301	2.84107190439997
 4.07272467322668	0.625996644781207	2.7996618675945
 4.084512479744	0.658746357412393	2.75615835525001
 4.09650125463785	0.691519848143016	2.71049368313625
 4.10862724188979	0.724103020264677	2.66292142722825
 4.1207467266489	0.756084104175943	2.61405532344767
 4.13277604898098	0.787233938505776	2.56431974162876
 4.14467100887563	0.8174404855502	2.51400064997829
 4.15641209975902	0.846662900877462	2.46328743094769
 4.16799460482013	0.874901403491831	2.41230416789509
 4.17942224067486	0.902178394200636	2.36113179039333
 4.19070321031767	0.928527044248475	2.30982318990056
 4.20184782253739	0.953984633235252	2.25841327946575
 4.21286710000775	0.978588814464619	2.2069255646458
 4.22377199728901	1.00237563973612	2.15537637276011
 4.2345793965686	1.02539210095195	2.10374676718832
 4.24535760095718	1.04778787583997	2.05176145089123
 4.25614877685495	1.06964672233954	1.9992581769473
 4.266979214006	1.09101306294306	1.94614457792543
 4.27786542849579	1.11190755730239	1.89237198947114
 4.28881786344413	1.13233639869949	1.83791927452398
 4.29984316001988	1.15229693061362	1.78278270604338
 4.31094556076929	1.1717810655682	1.72696959103763
 4.32212777961804	1.19077737645885	1.67049423317178
 4.3333915414365	1.20927238079696	1.61337536805798
 4.3447379158756	1.22725133279103	1.55563453006558
 4.35616752275897	1.24469871519574	1.49729500991658
 4.36768065717654	1.26159854838422	1.43838118763608
 4.37927736437225	1.27793458867968	1.37891810437566
 4.39095748327747	1.29369046016523	1.31893118659108
 4.40272067052242	1.30884974711437	1.25844606774574
 4.41456641236729	1.32339606368759	1.19748847282924
 4.4264940292474	1.33731311108132	1.13608414375019
 4.43850267590714	1.3505847283374	1.07425879176151
 4.4505913390223	1.3631949405651	1.01203806820608
 4.46275883353789	1.3751280068056	0.949447548110851
 4.47500379852948	1.3863684688184	0.886512723197608
 4.48732469313369	1.39690120146765	0.823259002154478
 4.49971979292995	1.40671146499773	0.759711716802127
 4.51218718705237	1.4157849592278	0.695896133269282
 4.52472477624462	1.42410787951439	0.631837467575009
 4.53733027202711	1.43166697419795	0.567560905171983
 4.55000119711464	1.43844960314701	0.50309162408088
 4.56273488719907	1.44444379692993	0.438454821270425
 4.5755284941907	1.44963831607562	0.373675741929392
 4.58837899099257	1.45402270982696	0.30877971124864
 4.60128317786154	1.4575873737437	0.243792168291763
 4.61423769038915	1.46032360547568	0.178738701488225
 4.62723900911217	1.4622236580029	0.113645085237646
 4.64028347073891	1.46328078962725	0.048537317071874
 4.65336728095189	1.46348931000322	-0.0165583452144503
 4.66648652872152	1.46284462151159	-0.0816153470813659
 4.67963720203895	1.46134325531272	-0.146606802042255
 4.69281520495049	1.45898290146377	-0.211505458381113
 4.70601637575156	1.45576243254724	-0.276283668416673
 4.71923650617497	1.45168192033577	-0.340913360918322
 4.73247136138883	1.44674264510855	-0.405366017241157
 4.74571670060231	1.44094709733613	-0.469612651696023
 4.7589682980652	1.43429897156074	-0.533623796605934
 4.77222196423886	1.42680315241503	-0.597369492424322
 4.78547356691304	1.41846569284093	-0.660819283204986
 4.79871905204462	1.40929378468836	-0.723942217620762
 4.81195446410166	1.3992957219875	-0.78670685563039
 4.82517596570732	1.38848085729536	-0.849081280793531
 4.83837985639534	1.37685955161385	-0.911033118135254
 4.85156259030883	1.36444311846014	-0.972529557366246
 4.86472079269855	1.3512437627389	-1.03353738117601
 4.87785127510383	1.33727451511756	-1.09402299823568
 4.89095104912853	1.32254916263985	-1.15395248047632
 4.90401733875461	1.30708217632839	-1.21329160414963
 4.91704759116755	1.29088863652461	-1.27200589413052
 4.93003948609836	1.27398415669402	-1.33006067088682
 4.94299094371754	1.25638480638846	-1.38742109951889
 4.95590013114536	1.23810703400459	-1.44405224026099
 4.96876546767043	1.21916758991334	-1.49991909983617
 4.98158562879428	1.19958345045737	-1.55498668306472
 4.9943595492437	1.1793717432269	-1.60922004414232
 5.00708642511496	1.15854967392855	-1.662584337025
 5.01976571533503	1.13713445505873	-1.71504486438215
 5.03239714264538	1.11514323648403	-1.76656712460428
 5.04498069433386	1.09259303791497	-1.81711685637599
 5.05751662296198	1.06950068313721	-1.86666008034473
 5.07000544735777	1.04588273573357	-1.91516313743029
 5.08244795417245	1.02175543588886	-1.96259272332507
 5.09484520033189	0.997134637713736	-2.00891591872914
 5.10720738181942	0.972017532126041	-2.05413228520387
 5.11961154255618	0.946259515051212	-2.09847399260083
 5.13211084887358	0.919754173962192	-2.14206337238069
 5.1447449225797	0.892416501876456	-2.18495539237254
 5.15754613138323	0.864172217124299	-2.22716223995836
 5.17041686577299	0.835238144138924	-2.26826956169878
 5.18324777827644	0.80587568548684	-2.3078653084122
 5.19597264111412	0.776263086124967	-2.34571124826628
 5.20855391447184	0.746520214782058	-2.38168174382338
 5.22097263567613	0.716726857008888	-2.41572179985784
 5.23322160063836	0.686935665182836	-2.44781941872678
 5.24530087802956	0.657181092271539	-2.47798786099662
 5.25721490949077	0.627485454156853	-2.50625448823604
 5.26897066117272	0.597863000069236	-2.5326538668765
 5.28057646070043	0.568322627505834	-2.55722358135383
 5.29204127586285	0.5388696861628	-2.58000174667774
 5.30337427547057	0.509507174642721	-2.60102557479313
 5.31458456909116	0.480236534546384	-2.62033058704637
 5.32568105932382	0.45105817845622	-2.63795021772832
 5.3366723642617	0.421971842300542	-2.65391565040848
 5.34756678324007	0.392976821831031	-2.66825578954113
 5.35837228886543	0.364072132543697	-2.68099730773514
 5.36909653463526	0.33525661891014	-2.69216473259315
 5.37974687147351	0.306529029933051	-2.701780551532
 5.39033036905292	0.277888072232009	-2.70986532189393
 5.40085383938486	0.249332448060198	-2.71643777907918
 5.41132386117112	0.220860883160184	-2.72151493870465
 5.42174680404806	0.192472147733547	-2.72511219074819
 5.43212885225053	0.164165072727393	-2.72724338478367
 5.44247602746875	0.135938562936009	-2.72792090606605
 5.45279421082197	0.107791607951192	-2.72715574258076
 5.46308916396452	0.0797232916872797	-2.72495754334826
 5.47336654939394	0.0517328010027143	-2.72133466834392
 5.48363195006289	0.0238194338040384	-2.71629423040007
 5.49389088841472	-0.00401739307244386	-2.70984212942741
 5.50414884497296	-0.0317781359662794	-2.70198307924221
 5.51441127662089	-0.0594631162901892	-2.69272062722288
 5.52468363471179	-0.087072512048648	-2.68205716694994
 5.53497138315405	-0.114606348822137	-2.66999394390842
 5.54528001661993	-0.142064490068769	-2.65653105425356
 5.55561507903247	-0.169446626596413	-2.64166743655732
 5.56598218249287	-0.196752265055024	-2.62540085636544
 5.57638702682096	-0.223980715291271	-2.60772788329957
 5.58683541989456	-0.251131076396008	-2.58864386033536
 5.5973332989905	-0.278202221259671	-2.56814286477177
 5.60788675335102	-0.305192779431202	-2.54621766027681
 5.61850204822577	-0.332101118052262	-2.52285963924603
 5.62918565067164	-0.358925320609745	-2.49805875453676
 5.63994425743293	-0.385663163215445	-2.47180343943869
 5.65078482527333	-0.412312088081114	-2.44408051449961
 5.66171460419157	-0.438869173809193	-2.41487507953613
 5.67274117402783	-0.465331102062847	-2.3841703888077
 5.6838724850604	-0.491694120111916	-2.3519477069031
 5.69511690330838	-0.517953998672175	-2.31818614235728
 5.70648326140154	-0.544105984361317	-2.28286245535468
 5.71798091606221	-0.570144745983489	-2.2459508350415
 5.72961981347872	-0.596064313721253	-2.20742264091033
 5.74141056415096	-0.621858010155027	-2.16724610135992
 5.75336452917948	-0.647518371839787	-2.12538596076867
 5.76549392048225	-0.673037059939982	-2.08180306410466
 5.77781191810265	-0.69840475814757	-2.03645386502199
 5.79023916204316	-0.72342469902933	-1.98964653713877
 5.80266169378192	-0.747847384911389	-1.94185285252478
 5.81501295514356	-0.771535322508943	-1.89339280675344
 5.82725717988275	-0.79442164102184	-1.8444797902889
 5.83937786625259	-0.816482092959366	-1.79525467896096
 5.85137015659543	-0.837717025351019	-1.7458100936295
 5.86323596218627	-0.858140170462508	-1.69620703926785
 5.87498092118336	-0.877771874087608	-1.64648603990524
 5.88661254210313	-0.89663511926295	-1.59667446244725
 5.89813909729751	-0.914753269814209	-1.54679127258627
 5.90956898289357	-0.932148851236681	-1.49685009244584
 5.92091036446429	-0.948842945084164	-1.4468611501459
 5.93217099495033	-0.964854937941779	-1.39683251383218
 5.94335813442798	-0.980202469034994	-1.3467708675801
 5.95447852851951	-0.994901483895631	-1.29668199619674
 5.96553841924072	-1.00896634004752	-1.24657108639348
 5.97656815908296	-1.02243935202992	-1.19633063098412
 5.98760022594449	-1.03535949600002	-1.14583902648946
 5.99865451022748	-1.04774568606734	-1.09502887857518
 6.00974311479134	-1.05960490383633	-1.04386656397384
 6.02087328379522	-1.0709370406544	-0.992339625216554
 6.03204920726736	-1.08173781031106	-0.9404489234463
 6.04327313965973	-1.09200051333379	-0.888203725689361
 6.05454609569084	-1.10171711209564	-0.835618619276136
 6.06586828415442	-1.11087889041943	-0.782711570643233
 6.07723937873913	-1.11947686213883	-0.729502703423227
 6.08865868730482	-1.1275020278897	-0.676013529589864
 6.10012525788756	-1.13494554017287	-0.622266466339755
 6.11163794533152	-1.14179881300335	-0.568284533348453
 6.12319545349238	-1.14805359807451	-0.514091163980798
 6.13479636236728	-1.15370204063392	-0.459710088555799
 6.14643914600921	-1.1587367229659	-0.405165263217607
 6.15812218489496	-1.16315070015902	-0.350480827701319
 6.16984377504307	-1.166937530887	-0.295681081416348
 6.18160213531738	-1.17009130475105	-0.240790471131646
 6.19339541381048	-1.17260666701976	-0.185833585976051
 6.20522169386028	-1.17447884117522	-0.130835156993393
 6.21707900003748	-1.17570364941927	-0.0758200594505679
 6.22896530430433	-1.17627753114585	-0.0208133166985968
 6.24087853245723	-1.17619755930175	0.0341598952349967
 6.25281657090871	-1.17546145451514	0.0890742429053395
 6.26477727382644	-1.17406759685374	0.143904230991511
 6.27675847062216	-1.17201503507351	0.198624198451653
 6.28875797376573	-1.16930349322798	0.25320831555693
 6.30077358688797	-1.16593337452553	0.307630582022018
 6.31280311312746	-1.16190576234371	0.361864826413485
 6.32484436367072	-1.1572224183346	0.415884706987238
 6.33689516643186	-1.15188577758304	0.469663714078997
 6.34895337481539	-1.14589894080778	0.523175174145928
 6.36101687650568	-1.13926566362491	0.576392255532008
 6.373083602227	-1.13199034292155	0.629287976004175
 6.38515153442033	-1.12407800041539	0.681835212080586
 6.39721871578609	-1.11553426350195	0.734006710146625
 6.40928325764606	-1.10636534351486	0.785775099328789
 6.42134334808302	-1.09657801154575	0.83711290607163
 6.43339725982296	-1.08617957198775	0.887992570338798
 6.44544335783129	-1.07517783398069	0.93838646333625
 6.45748010660271	-1.06358108094588	0.988266906634147
 6.46950607713253	-1.05139803840382	1.03760619254399
 6.48151995356682	-1.03863784026916	1.08637660558943
 6.49352053953823	-1.02530999381321	1.13455044489279
 6.50550676420486	-1.01142434347568	1.18210004728499
 6.51747768802078	-0.996991033693145	1.22899781093362
 6.52944151814147	-0.982008978425303	1.2752508179515
 6.54143949377072	-0.966432216655827	1.32098876589792
 6.55349989287194	-0.950225362276202	1.36628284154846
 6.56564334989631	-0.933359228759708	1.41116805416472
 6.57788611816132	-0.915807935881772	1.45565659250112
 6.59024211275931	-0.897546939922807	1.49974584570659
 6.60272422297396	-0.878551638112577	1.54342319617061
 6.61526996008021	-0.858915708760479	1.58641382312189
 6.62781330546745	-0.838750161717881	1.62844746985898
 6.64031120724927	-0.818139327530261	1.66934754833357
 6.65273602551977	-0.797148512810443	1.70899983694859
 6.66507041803968	-0.775829453599194	1.74733149631123
 6.67730392877347	-0.754224124656576	1.78429719937717
 6.68943072742611	-0.732367374186356	1.81987001618088
 6.70144811325506	-0.710288741230187	1.85403542116951
 6.71335552161641	-0.68801371349903	1.88678733303007
 6.72515385993145	-0.665564605855072	1.91812547332097
 6.7368450595587	-0.642961182911579	1.94805358200927
 6.74843176968419	-0.620221109197086	1.97657819275094
 6.75991714525395	-0.597360282758289	2.00370777709938
 6.77130469778087	-0.574393089382636	2.02945213493881
 6.78259818871549	-0.551332602094191	2.0538219518732
 6.79380155207082	-0.528190742254454	2.07682847196034
 6.80491883750763	-0.504978413109176	2.0984832518104
 6.81595416800708	-0.481705613018297	2.11879797334631
 6.8269117081545	-0.458381533249423	2.13778429978171
 6.83779564029838	-0.43501464367715	2.15545376408839
 6.8486101466672	-0.411612768726539	2.17181768232622
 6.859359396073	-0.388183155241739	2.18688708628286
 6.87004753420088	-0.364732533527531	2.20067267128325
 6.88067867673888	-0.341267172522614	2.21318475601398
 6.891256904782	-0.317792929867422	2.22443325191087
 6.90178626207318	-0.294315297492896	2.23442764017281
 6.91227075373849	-0.270839443258955	2.24317695485037
 6.9227143462452	-0.247370249098843	2.25068977075362
 6.93312096836557	-0.223912346069668	2.25697419515386
 6.94349451297211	-0.200470146664896	2.26203786243707
 6.95383883952361	-0.177047874707857	2.26588793101338
 6.9641577771289	-0.153649593114507	2.26853108190583
 6.97445512809715	-0.130279229787147	2.26997351853802
 6.98473467190249	-0.106940601877887	2.27022096731953
 6.99500016950547	-0.0836374386405872	2.26927867869228
 7.00525536798733	-0.0603734030725554	2.26715142835386
 7.01550400546355	-0.0371521125319677	2.26384351841673
 7.02574981625303	-0.0139771585037923	2.25935877829655
 7.03599653628693	0.00914787432443455	2.2537005651509
 7.04624790874876	0.0322193895253059	2.24687176371096
 7.05650768994363	0.0552337607891576	2.23887478536526
 7.06677965540029	0.078187314039666	2.22971156636676
 7.0770676062154	0.101076309675732	2.21938356504199
 7.0873753756544	0.123896924811865	2.20789175788545
 7.09770683602871	0.146645235391934	2.19523663442283
 7.10806590587428	0.169317198052596	2.18141819072395
 7.1184565574619	0.191908631612961	2.16643592143988
 7.12888282467564	0.214415198066218	2.15028881022863
 7.13934881130226	0.236832382946891	2.13297531842024
 7.14985869978177	0.259155474944307	2.11449337175301
 7.16041676047758	0.281379544628584	2.09484034498967
 7.17102736153448	0.303499422150077	2.074013044192
 7.18169497940412	0.325509673766644	2.05200768639553
 7.19242421013131	0.347404577045387	2.02881987637968
 7.20321978151096	0.369178094576505	2.00444458017088
 7.21408656624555	0.390823846026645	1.978876094845
 7.22502959625764	0.412335078347484	1.95210801410537
 7.23605407834224	0.433704633942202	1.92413318900024
 7.24716541138188	0.454924916577846	1.89494368300175
 7.25836920539487	0.475987854815272	1.8645307204879
 7.26967130274717	0.496884862710136	1.83288462743936
 7.28107780193531	0.517606797518146	1.79999476286692
 7.29259508444613	0.538143914115069	1.76584943910342
 7.30422984532662	0.558485815816518	1.73043582859495
 7.31598912826374	0.578621401253569	1.69373985417203
 7.32788036619323	0.59853880692711	1.65574605891451
 7.33991142874771	0.618225345025076	1.61643745056645
 7.35209067824553	0.637667436040749	1.57579531389719
 7.36442703645197	0.656850535674365	1.53379898227986
 7.37693006507212	0.675759055430447	1.4904255568345
 7.38961006394494	0.694376276233871	1.44564955740893
 7.40238656379172	0.712555975230473	1.3997742101038
 7.41516851811482	0.730152208977942	1.35316191252973
 7.42790247694526	0.747085505099604	1.30605478603815
 7.44055921937031	0.763317622069156	1.25861298545485
 7.45312469725262	0.778834970845136	1.21094206125721
 7.4655941162529	0.793638125315767	1.16311174164162
 7.47796816056078	0.807735363760786	1.11516850337149
 7.49025062940614	0.821138783435228	1.0671438448716
 7.5024469818163	0.833862018057195	1.01905966755204
 7.5145634563243	0.845918935744452	0.970931746731033
 7.52660655016364	0.857322927272923	0.922771956325905
 7.53858272079347	0.868086544079347	0.874589687994755
 7.55049822339596	0.878221339505584	0.826392753241653
 7.5623590304372	0.887737825060342	0.778187955590425
 7.57417079990037	0.89664548917663	0.729981453311539
 7.58593887167443	0.904952847617934	0.68177898985428
 7.597668279612	0.912667507734477	0.633586041157502
 7.6093637717511	0.919796236555994	0.585407911049363
 7.6210298342669	0.926345027303138	0.537249794467904
 7.63267071660065	0.932319161574929	0.489116820929503
 7.64429045635598	0.937723265997001	0.441014086041374
 7.65589290323836	0.942561362962239	0.392946675929863
 7.66748174171972	0.946836915543102	0.344919687617176
 7.6790605123448	0.950552866871878	0.296938247227962
 7.6906326317269	0.953711674371395	0.249007527190847
 7.70220141135059	0.956315339233064	0.201132763157619
 7.71377007533231	0.958365431515809	0.153319271092575
 7.72534177730301	0.959863111197879	0.105572464822232
 7.73691961657892	0.960809145464559	0.0578978742408431
 7.74850665378354	0.961203922464108	0.0103011643145614
 7.76010592607867	0.961047461714535	-0.037211844998901
 7.77172046215712	0.960339421296283	-0.0846351578075458
 7.78335329714616	0.959079101920469	-0.131962580209977
 7.79500748756834	0.957265447918765	-0.179187696969436
 7.80668612650708	0.954897045158466	-0.226303846803824
 7.81839235912713	0.951972115844011	-0.273304096139344
 7.83012939870626	0.948488510123056	-0.320181211151955
 7.84190054334341	0.944443694370166	-0.366927627893034
 7.85370919352168	0.939834735972975	-0.413535420263048
 7.86555887072142	0.934658284392853	-0.459996265558804
 7.87745323730019	0.928910548213136	-0.506301407274981
 7.88939611788401	0.922587267820934	-0.552441614787744
 7.90139152254763	0.915683683291071	-0.598407139485605
 7.91344367210356	0.908194496950168	-0.644187666838074
 7.9255570258707	0.900113829991757	-0.689772263803412
 7.93773631235635	0.891435172385369	-0.735149320869332
 7.94998656336272	0.882151325168375	-0.780306487890606
 7.96231315212473	0.872254334022093	-0.825230602729311
 7.97472183620382	0.861735412804461	-0.869907611509985
 7.9872188060096	0.850584855428958	-0.914322479063482
 7.99967542771637	0.838921635024053	-0.957988099384942
 8.01196777333688	0.826882788259807	-1.00045854996931
 8.02402781774897	0.81456784841461	-1.04150302238537
 8.03594010829494	0.801921575481575	-1.08141382705264
 8.04775403204641	0.788913933460618	-1.1203516385418
 8.05949785354769	0.775531376910841	-1.15839931297494
 8.07118707224588	0.761771230281535	-1.19559364243701
 8.08282950454849	0.747637983066231	-1.23194446993061
 8.09442841272136	0.733140811492159	-1.26744632007924
 8.10598444218964	0.718291903875181	-1.30208549900519
 8.11749682100848	0.703105320981316	-1.33584441268688
 8.12896409832029	0.687596216496379	-1.36870416387349
 8.1403845933565	0.671780301894103	-1.40064607973172
 8.15175666240512	0.655673478349308	-1.43165257532325
 8.16307885144496	0.639291583621964	-1.46170760601588
 8.17434997728238	0.622650218669507	-1.49079686748312
 8.18556916435223	0.605764630017381	-1.51890784288327
 8.19673585441842	0.588649631493478	-1.54602975972155
 8.20784980010521	0.57131955403547	-1.57215349555097
 8.21891104917703	0.553788215726319	-1.59727145694243
 8.2299199239271	0.536068906548367	-1.62137744685603
 8.24087699840217	0.518174383936452	-1.64446652966822
 8.2517830751486	0.500116876301007	-1.66653489939359
 8.26263916249867	0.481908092447305	-1.68757975429024
 8.2734464529911	0.463559235346719	-1.70759917955525
 8.28420630324872	0.445081019093158	-1.72659203888442
 8.29492021546475	0.426483688151443	-1.74455787508925
 8.30558982054082	0.407777038206609	-1.76149681960754
 8.31621686285347	0.388970438075694	-1.77740951053073
 8.32680318658556	0.370072852260783	-1.79229701865109
 8.33735072353601	0.351092863813816	-1.80616078097097
 8.34786148230994	0.332038697256434	-1.81900254109385
 8.35833753878638	0.312918241356605	-1.83082429591906
 8.36878102776114	0.293739071611139	-1.84162824807923
 8.3791941356653	0.274508472321791	-1.85141676358632
 8.38957909426471	0.25523345818418	-1.86019233418405
 8.3999381752515	0.235920795334606	-1.86795754393905
 8.4102736856453	0.216577021820898	-1.87471503963899
 8.42058796392798	0.197208467480655	-1.88046750460053
 8.43088337684254	0.177821273224184	-1.88521763552465
 8.44116231679289	0.158421409730697	-1.88896812206865
 8.45142719978749	0.139014695575377	-1.89172162883537
 8.46168046387529	0.119606814812046	-1.8934807795079
 8.47192456802811	0.100203334041822	-1.89424814288482
 8.48216199142824	0.0808097190024934	-1.89402622059482
 8.49239523312529	0.0614313507166587	-1.89281743629145
 8.50262681203006	0.0420735412391513	-1.89062412614904
 8.51285926721772	0.0227415490460388	-1.88744853049808
 8.5230951585163	0.00344059410873244	-1.88329278645502
 8.53333706735988	-0.015824127302481	-1.87815892141525
 8.54358759788943	-0.0350474280407228	-1.87204884729057
 8.55384937828739	-0.0542241156856967	-1.86496435538346
 8.56412506233505	-0.0733489782828697	-1.85690711179939
 8.57441733118502	-0.0924167701739897	-1.84787865330638
 8.58472889534381	-0.111422197874607	-1.83788038355675
 8.59506249686271	-0.130359905954707	-1.82691356959065
 8.60542091173834	-0.149224462879097	-1.81497933854375
 8.61580695252731	-0.168010346764764	-1.80207867448225
 8.62622347118324	-0.186711931013106	-1.78821241528778
 8.63667336212809	-0.205323469775671	-1.77338124951105
 8.6471595655743	-0.223839083212807	-1.7575857131081
 8.65768507111931	-0.242252742505563	-1.74082618596377
 8.66825292163966	-0.260558254582112	-1.72310288809543
 8.67886621751903	-0.278749246521082	-1.70441587541349
 8.68952812125262	-0.296819149595381	-1.684765034894
 8.70024186248025	-0.314761182921447	-1.66415007899096
 8.71101074351249	-0.332568336680349	-1.64257053908086
 8.72183814542874	-0.350233354878829	-1.62002575768663
 8.73272753484445	-0.367748717620136	-1.59651487917143
 8.74368247146658	-0.385106622856471	-1.57203683851995
 8.75470661658469	-0.402298967596835	-1.54659034773293
 8.76580374267953	-0.419317328546092	-1.52017387924366
 8.77697774437518	-0.436152942152936	-1.49278564561602
 8.78823265101623	-0.452796684046043	-1.46442357459281
 8.79957264122269	-0.469239047838585	-1.43508527831819
 8.81100205986624	-0.485470123281254	-1.40476801524134
 8.82252543802937	-0.501479573742182	-1.37346864279807
 8.83414751666221	-0.517256612987914	-1.34118355843006
 8.84587327485312	-0.532789981231632	-1.30790862579521
 8.85770796389547	-0.548067920401437	-1.27363908208486
 8.86965714868968	-0.563078148560253	-1.23836942110889
 8.88172675850003	-0.577807833376487	-1.20209324511211
 8.89392314974375	-0.592243564496151	-1.16480307596382
 8.90625318439895	-0.606371324595983	-1.12649011314878
 8.91872432889404	-0.620176458793585	-1.08714392147542
 8.93134478015902	-0.633643641940699	-1.04675202498655
 8.94412362815342	-0.646756843109258	-1.00529937423398
 8.95707106807633	-0.659499286266661	-0.962767640301636
 8.97024293907342	-0.671894092572323	-0.918986302286168
 8.98351660767861	-0.683797989957712	-0.874382021432525
 8.99681642858223	-0.695128416638093	-0.829240136434859
 9.01009777751138	-0.705841115856548	-0.78374931210166
 9.02333593251151	-0.715915143490835	-0.738033802671892
 9.03651866652264	-0.725343274025937	-0.692175677365338
 9.0496414466592	-0.734126040929708	-0.646229695183463
 9.06270438057762	-0.742268116434852	-0.60023307948578
 9.07571030164267	-0.749776155226065	-0.55421186456907
 9.08866358341711	-0.756657536478308	-0.508184983647536
 9.10156941568479	-0.762919648864266	-0.462166888075543
 9.11443336996708	-0.768569499219547	-0.416169220021714
 9.12726114528173	-0.773613511259235	-0.37020187912786
 9.14005842532773	-0.778057433781116	-0.324273703163004
 9.1528308040226	-0.781906310222898	-0.278392903893982
 9.16558375258421	-0.785164481090385	-0.232567348392468
 9.17832261157247	-0.787835602585827	-0.186804743211442
 9.19105259770628	-0.789922671812106	-0.141112757894667
 9.20377881926377	-0.791428053095302	-0.0954991109259955
 9.21650629635848	-0.792353502405041	-0.0499716327475309
 9.22923998392488	-0.792700188254828	-0.00453831511303424
 9.2419847962012	-0.792468708252607	0.0407926473363003
 9.25474563208748	-0.791659100896195	0.0860128195058329
 9.26752740112289	-0.790270852418496	0.131113489842979
 9.28033505005536	-0.788302898571932	0.176085634258253
 9.29317359012374	-0.78575362125157	0.220919878825591
 9.30604812527211	-0.782620839821633	0.265606460399057
 9.3189638815894	-0.778901796946271	0.310135184432894
 9.33192623832965	-0.774593138640851	0.354495379352831
 9.34494076092797	-0.769690888157416	0.398675846825923
 9.35801323649213	-0.7641904131972	0.442664807229114
 9.37114971232468	-0.758086385801319	0.486449839531246
 9.38435653812141	-0.751372734103336	0.530017814681443
 9.39764041260353	-0.74404258492757	0.573354821437214
 9.41100843548037	-0.736088195975644	0.616446083362839
 9.42446816581399	-0.727500876048978	0.659275865473887
 9.43802768807677	-0.718270891390845	0.701827368684462
 9.45159318997438	-0.708463638825833	0.743768120069633
 9.46499130149956	-0.698223237283142	0.784542621501053
 9.47812550863178	-0.687658565130738	0.823858856977778
 9.49094941307557	-0.676849456361666	0.861592836850636
 9.50344746356755	-0.66585346051615	0.897721141484852
 9.51562206507341	-0.654711794522875	0.932276684163888
 9.52748538006931	-0.643454053851519	0.965321187897409
 9.53905431781623	-0.632101715100137	0.996928792301501
 9.55034758507904	-0.620670638328077	1.02717671204631
 9.56145825550454	-0.609094380623465	1.0563330089234
 9.57245084779211	-0.597325663287558	1.08457425812881
 9.58336435377261	-0.585337831879159	1.11200033223732
 9.59422224651755	-0.573117403526313	1.1386653939636
 9.6050384960367	-0.560659368814243	1.16459628143488
 9.61582124810042	-0.547964179580174	1.18980359138483
 9.62657509778389	-0.535035796314789	1.21428842086145
 9.63730250255265	-0.521880413460042	1.23804648305188
 9.64800466231634	-0.508505623397645	1.26107061783971
 9.65868206690148	-0.494919866412607	1.28335231497054
 9.66933483515755	-0.481132067977796	1.3048826280853
 9.67996292326689	-0.467151399172695	1.32565271277385
 9.69056625093232	-0.452987118300279	1.34565413292259
 9.70114477607024	-0.438648466236551	1.36487902480651
 9.71169853731092	-0.424144597495916	1.38332017442097
 9.72222767647693	-0.409484535176755	1.4009710424703
 9.73273244871318	-0.394677141998075	1.41782575833297
 9.74321322510291	-0.379731102287305	1.43387909618187
 9.75367049081068	-0.364654911513719	1.44912644137926
 9.76410484066009	-0.3494568710977	1.46356375212295
 9.77451697333882	-0.334145086970418	1.47718751936943
 9.78490768497111	-0.31872747084727	1.48999472684974
 9.7952778625129	-0.303211743500411	1.50198281224369
 9.8056284772446	-0.287605439529055	1.51314963011432
 9.81596057852343	-0.271915913268581	1.523493416918
 9.82627528788588	-0.256150345575679	1.53301275822953
 9.8365737935462	-0.240315751292685	1.54170655821412
 9.84685734530938	-0.224418987240296	1.54957401131307
 9.85712724989967	-0.208466760620815	1.55661457607193
 9.86738486669566	-0.192465637738262	1.562827951018
 9.87763160385687	-0.176422052959916	1.56821405248298
 9.88786891482334	-0.160342317858069	1.57277299426143
 9.89809829516847	-0.144232630482008	1.57650506899534
 9.90832127978462	-0.128099084719488	1.57941073117668
 9.91853944038128	-0.111947679714547	1.58149058166329
 9.92875438327649	-0.0957843293149288	1.58274535360762
 9.93896774746276	-0.0796148715278182	1.58317589970285
 9.9491812029303	-0.0634450779672181	1.58278318065571
 9.9593964492313	-0.0472806632802549	1.58156825480048
 9.96961521427033	-0.0311272945430668	1.57953226877373
 9.97983925330762	-0.0149906006197917	1.57667644917375
 9.9900703481628	0.00112381851941964	1.57300209513347
 10	0.0167235177929846	1.56865864348662
