0 0
0.314159265358979 0.309016994374947
0.628318530717959 0.587785252292473
0.942477796076938 0.809016994374947
1.25663706143592 0.951056516295154
1.5707963267949 1
1.88495559215388 0.951056516295154
2.19911485751286 0.809016994374947
2.51327412287183 0.587785252292473
2.82743338823081 0.309016994374948
3.14159265358979 1.22460635382238E-16
0 0
0.314159265358979 0.587785252292473
0.628318530717959 0.951056516295154
0.942477796076938 0.951056516295154
1.25663706143592 0.587785252292473
1.5707963267949 1.22460635382238E-16
1.88495559215388 -0.587785252292473
2.19911485751286 -0.951056516295154
2.51327412287183 -0.951056516295154
2.82743338823081 -0.587785252292473
3.14159265358979 -2.44921270764475E-16
0 0
0.314159265358979 0.809016994374947
0.628318530717959 0.951056516295154
0.942477796076938 0.309016994374948
1.25663706143592 -0.587785252292473
1.5707963267949 -1
1.88495559215388 -0.587785252292473
2.19911485751286 0.309016994374947
2.51327412287183 0.951056516295154
2.82743338823081 0.809016994374948
3.14159265358979 3.67381906146713E-16
